867.796
299.864
900.748
358.398
464.01
372.184
828.99
587.301
161.641
402.146
22.932
874.049
666.893
194.748
949.155
135.204
781.942
809.961
865.748
541.126
50.5922
925.903
24.9223
547.854
638.66
209.029
221.961
632.262
719.097
30.4369
135.233
774.777
330.311
223.864
321.058
953.078
596.049
179.184
728.262
757.689
740.087
751.194
819.621
436.107
133.825
956.67
730.078
915.767
954.515
624.951
644.786
34.233
738.748
669.709
582.097
406.534
66.6214
962.816
67.9223
944.476
22.3786
203.155
748.388
352.689
585.786
257.33
493.65
210.961
595.272
251.039
156.544
523.252
190.117
5.29126
959.359
323.951
149.845
877.32
427.602
133.495
690.165
260.272
167.728
458.039
929.981
908.583
52.4563
25.7379
900.524
120.379
970.214
922.913
482.291
906.485
463.485
97.2039
351.709
957.146
466.932
946.981
396.068
782.233
499.359
586.194
946.282
646.612
98.0291
125.262
711.816
684.388
258.757
589.864
944.67
585.243
235.786
